95 10 3 13 38 57 0 4.83632  3.19057  1  1  1  1  1  1  1  1  0  0  0  0
95 10 3 13 38 57 6 4.83554  3.19005  1  1  1  1  1  1  1  1  0  0  0  0
95 10 3 13 38 57 17 4.83632  3.20550  1  1  1  1  1  1  1  1  0  0  0  0
95 10 3 13 38 57 27 4.82184  3.19618  1  1  1  1  1  1  1  1  0  0  0  0
95 10 3 13 38 57 44 4.81701  3.20602  1  1  1  1  1  1  1  1  0  0  0  0
95 10 3 13 38 57 55 4.90341  3.21163  1  1  1  1  1  1  1  1  0  0  0  0
95 10 3 13 38 57 66 4.89781  3.22100  1  1  1  1  1  1  1  1  0  0  0  0
95 10 3 13 38 57 77 4.90262  3.21111  1  1  1  1  1  1  1  1  0  0  0  0
95 10 3 13 38 57 88 4.93782  3.20550  1  1  1  1  1  1  1  1  0  0  0  0
95 10 3 13 38 57 99 4.94423  3.22661  1  1  1  1  1  1  1  1  0  0  0  0
95 10 3 13 38 58 4 4.92299  3.22609  1  1  1  1  1  1  1  1  0  0  0  0
95 10 3 13 38 58 15 4.94343  3.21111  1  1  1  1  1  1  1  1  0  0  0  0
95 10 3 13 38 58 26 4.92299  3.21111  1  1  1  1  1  1  1  1  0  0  0  0
95 10 3 13 38 58 37 4.92299  3.21111  1  1  1  1  1  1  1  1  0  0  0  0
95 10 3 13 38 58 48 4.91193  3.20195  1  1  1  1  1  1  1  1  0  0  0  0
95 10 3 13 38 58 54 4.94343  3.21111  1  1  1  1  1  1  1  1  0  0  0  0
95 10 3 13 38 58 65 4.91738  3.20550  1  1  1  1  1  1  1  1  0  0  0  0
95 10 3 13 38 58 76 4.93862  3.22100  1  1  1  1  1  1  1  1  0  0  0  0
95 10 3 13 38 58 92 4.92299  3.21111  1  1  1  1  1  1  1  1  0  0  0  0
95 10 3 13 38 58 98 4.92379  3.21163  1  1  1  1  1  1  1  1  0  0  0  0
95 10 3 13 38 59 9 4.91738  3.20550  1  1  1  1  1  1  1  1  0  0  0  0
95 10 3 13 38 59 14 4.91738  3.20550  1  1  1  1  1  1  1  1  0  0  0  0
95 10 3 13 38 59 25 4.92299  3.21111  1  1  1  1  1  1  1  1  0  0  0  0
95 10 3 13 38 59 36 4.92299  3.22609  1  1  1  1  1  1  1  1  0  0  0  0
95 10 3 13 38 59 47 4.92299  3.21111  1  1  1  1  1  1  1  1  0  0  0  0
95 10 3 13 38 59 58 4.92299  3.21111  1  1  1  1  1  1  1  1  0  0  0  0
95 10 3 13 38 59 64 4.92299  3.22609  1  1  1  1  1  1  1  1  0  0  0  0
95 10 3 13 38 59 75 4.94263  3.21059  1  1  1  1  1  1  1  1  0  0  0  0
95 10 3 13 38 59 86 4.92299  3.22609  1  1  1  1  1  1  1  1  0  0  0  0
95 10 3 13 39 0 2 4.93782  3.22048  1  1  1  1  1  1  1  1  0  0  0  0
95 10 3 13 39 0 8 4.92379  3.24163  1  1  1  1  1  1  1  1  0  0  0  0
95 10 3 13 39 0 19 4.93782  3.23550  1  1  1  1  1  1  1  1  0  0  0  0
95 10 3 13 39 0 24 4.92379  3.24163  1  1  1  1  1  1  1  1  0  0  0  0
95 10 3 13 39 0 35 4.92299  3.25617  1  1  1  1  1  1  1  1  0  0  0  0
95 10 3 13 39 0 46 4.92299  3.27128  1  1  1  1  1  1  1  1  0  0  0  0
95 10 3 13 39 0 57 4.92379  3.25670  1  1  1  1  1  1  1  1  0  0  0  0
95 10 3 13 39 0 68 4.92299  3.27128  1  1  1  1  1  1  1  1  0  0  0  0
95 10 3 13 39 0 74 4.92299  3.27128  1  1  1  1  1  1  1  1  0  0  0  0
95 10 3 13 39 0 85 4.92379  3.28697  1  1  1  1  1  1  1  1  0  0  0  0
95 10 3 13 39 0 95 4.91738  3.29603  1  1  1  1  1  1  1  1  0  0  0  0
95 10 3 13 39 1 6 4.92299  3.28644  1  1  1  1  1  1  1  1  0  0  0  0
95 10 3 13 39 1 17 4.93862  3.29656  1  1  1  1  1  1  1  1  0  0  0  0
95 10 3 13 39 1 28 4.94423  3.30217  1  1  1  1  1  1  1  1  0  0  0  0
95 10 3 13 39 1 34 4.94263  3.30110  1  1  1  1  1  1  1  1  0  0  0  0
95 10 3 13 39 1 45 4.92299  3.30164  1  1  1  1  1  1  1  1  0  0  0  0
95 10 3 13 39 1 56 4.91818  3.29656  1  1  1  1  1  1  1  1  0  0  0  0
95 10 3 13 39 1 67 4.92379  3.30217  1  1  1  1  1  1  1  1  0  0  0  0
95 10 3 13 39 1 83 4.92299  3.30164  1  1  1  1  1  1  1  1  0  0  0  0
95 10 3 13 39 1 89 4.94343  3.30164  1  1  1  1  1  1  1  1  0  0  0  0
95 10 3 13 39 1 94 4.93862  3.29656  1  1  1  1  1  1  1  1  0  0  0  0
95 10 3 13 39 2 5 4.91738  3.29603  1  1  1  1  1  1  1  1  0  0  0  0
95 10 3 13 39 2 16 4.94423  3.28697  1  1  1  1  1  1  1  1  0  0  0  0
95 10 3 13 39 2 27 4.94343  3.30164  1  1  1  1  1  1  1  1  0  0  0  0
95 10 3 13 39 2 38 4.94343  3.30164  1  1  1  1  1  1  1  1  0  0  0  0
95 10 3 13 39 2 44 4.92299  3.30164  1  1  1  1  1  1  1  1  0  0  0  0
95 10 3 13 39 2 60 4.92299  3.30164  1  1  1  1  1  1  1  1  0  0  0  0
95 10 3 13 39 2 66 4.87770  3.29851  1  1  1  1  1  1  1  1  0  0  0  0
95 10 3 13 39 2 77 4.79698  3.29656  1  1  1  1  1  1  1  1  0  0  0  0
95 10 3 13 39 2 88 4.73765  3.29851  1  1  1  1  1  1  1  1  0  0  0  0
95 10 3 13 39 2 99 4.65791  3.29603  1  1  1  1  1  1  1  1  0  0  0  0
95 10 3 13 39 3 4 4.63048  3.30583  1  1  1  1  1  1  1  1  0  0  0  0
95 10 3 13 39 3 15 4.54754  3.30164  1  1  1  1  1  1  1  1  0  0  0  0
95 10 3 13 39 3 26 4.46590  3.29603  1  1  1  1  1  1  1  1  0  0  0  0
95 10 3 13 39 3 37 4.39646  3.30164  1  1  1  1  1  1  1  1  0  0  0  0
95 10 3 13 39 3 48 4.34082  3.31688  1  1  1  1  1  1  1  1  0  0  0  0
95 10 3 13 39 3 54 4.28572  3.31688  1  1  1  1  1  1  1  1  0  0  0  0
95 10 3 13 39 3 70 4.23115  3.31688  1  1  1  1  1  1  1  1  0  0  0  0
95 10 3 13 39 3 76 4.17779  3.31742  1  1  1  1  1  1  1  1  0  0  0  0
95 10 3 13 39 3 87 4.10587  3.30164  1  1  1  1  1  1  1  1  0  0  0  0
95 10 3 13 39 3 98 4.01248  3.31127  1  1  1  1  1  1  1  1  0  0  0  0
95 10 3 13 39 4 9 3.98336  3.31688  1  1  1  1  1  1  1  1  0  0  0  0
95 10 3 13 39 4 14 3.98336  3.31688  1  1  1  1  1  1  1  1  0  0  0  0
95 10 3 13 39 4 25 3.98336  3.30164  1  1  1  1  1  1  1  1  0  0  0  0
95 10 3 13 39 4 42 3.98400  3.31742  1  1  1  1  1  1  1  1  0  0  0  0
95 10 3 13 39 4 47 3.97894  3.29797  1  1  1  1  1  1  1  1  0  0  0  0
95 10 3 13 39 4 58 3.98400  3.30217  1  1  1  1  1  1  1  1  0  0  0  0
95 10 3 13 39 4 69 3.97839  3.29656  1  1  1  1  1  1  1  1  0  0  0  0
95 10 3 13 39 4 74 3.98400  3.30217  1  1  1  1  1  1  1  1  0  0  0  0
95 10 3 13 39 4 85 3.97398  3.29290  1  1  1  1  1  1  1  1  0  0  0  0
95 10 3 13 39 4 96 3.98336  3.31688  1  1  1  1  1  1  1  1  0  0  0  0
95 10 3 13 39 5 7 3.98400  3.30217  1  1  1  1  1  1  1  1  0  0  0  0
95 10 3 13 39 5 18 3.98336  3.30164  1  1  1  1  1  1  1  1  0  0  0  0
95 10 3 13 39 5 29 3.97839  3.28136  1  1  1  1  1  1  1  1  0  0  0  0
95 10 3 13 39 5 35 3.97711  3.28030  1  1  1  1  1  1  1  1  0  0  0  0
95 10 3 13 39 5 46 3.98336  3.30164  1  1  1  1  1  1  1  1  0  0  0  0
95 10 3 13 39 5 57 3.97775  3.28083  1  1  1  1  1  1  1  1  0  0  0  0
95 10 3 13 39 5 68 3.97398  3.27772  1  1  1  1  1  1  1  1  0  0  0  0
95 10 3 13 39 5 79 3.97839  3.28136  1  1  1  1  1  1  1  1  0  0  0  0
95 10 3 13 39 5 84 3.98336  3.28644  1  1  1  1  1  1  1  1  0  0  0  0
95 10 3 13 39 5 95 3.98465  3.30270  1  1  1  1  1  1  1  1  0  0  0  0
95 10 3 13 39 6 6 3.98336  3.28644  1  1  1  1  1  1  1  1  0  0  0  0
95 10 3 13 39 6 17 3.97711  3.28030  1  1  1  1  1  1  1  1  0  0  0  0
95 10 3 13 39 6 28 3.98336  3.28644  1  1  1  1  1  1  1  1  0  0  0  0
95 10 3 13 39 6 34 3.98336  3.28644  1  1  1  1  1  1  1  1  0  0  0  0
95 10 3 13 39 6 45 3.98400  3.30217  1  1  1  1  1  1  1  1  0  0  0  0
95 10 3 13 39 6 56 3.97839  3.28136  1  1  1  1  1  1  1  1  0  0  0  0
95 10 3 13 39 6 67 3.98400  3.30217  1  1  1  1  1  1  1  1  0  0  0  0
95 10 3 13 39 6 78 3.97775  3.29603  1  1  1  1  1  1  1  1  0  0  0  0
95 10 3 13 39 6 89 3.98400  3.28697  1  1  1  1  1  1  1  1  0  0  0  0
95 10 3 13 39 6 94 3.98336  3.30164  1  1  1  1  1  1  1  1  0  0  0  0
95 10 3 13 39 7 5 3.98336  3.28644  1  1  1  1  1  1  1  1  0  0  0  0
95 10 3 13 39 7 16 3.96607  3.28644  1  1  1  1  1  1  1  1  0  0  0  0
95 10 3 13 39 7 27 3.97839  3.29656  1  1  1  1  1  1  1  1  0  0  0  0
95 10 3 13 39 7 38 3.98400  3.28697  1  1  1  1  1  1  1  1  0  0  0  0
95 10 3 13 39 7 44 3.98336  3.28644  1  1  1  1  1  1  1  1  0  0  0  0
95 10 3 13 39 7 55 3.97839  3.28136  1  1  1  1  1  1  1  1  0  0  0  0
95 10 3 13 39 7 66 4.00134  3.27181  1  1  1  1  1  1  1  1  0  0  0  0
95 10 3 13 39 7 77 3.98336  3.28644  1  1  1  1  1  1  1  1  0  0  0  0
95 10 3 13 39 7 88 3.98336  3.27128  1  1  1  1  1  1  1  1  0  0  0  0
95 10 3 13 39 7 99 3.98336  3.27128  1  1  1  1  1  1  1  1  0  0  0  0
95 10 3 13 39 8 10 3.97775  3.26567  1  1  1  1  1  1  1  1  0  0  0  0
95 10 3 13 39 8 15 3.98400  3.28697  1  1  1  1  1  1  1  1  0  0  0  0
95 10 3 13 39 8 26 3.97839  3.28136  1  1  1  1  1  1  1  1  0  0  0  0
95 10 3 13 39 8 37 3.98271  3.27075  1  1  1  1  1  1  1  1  0  0  0  0
95 10 3 13 39 8 48 3.98336  3.28644  1  1  1  1  1  1  1  1  0  0  0  0
95 10 3 13 39 8 59 3.97839  3.25109  1  1  1  1  1  1  1  1  0  0  0  0
95 10 3 13 39 8 64 3.98336  3.27128  1  1  1  1  1  1  1  1  0  0  0  0
95 10 3 13 39 8 81 3.98400  3.27181  1  1  1  1  1  1  1  1  0  0  0  0
95 10 3 13 39 8 86 3.98336  3.27128  1  1  1  1  1  1  1  1  0  0  0  0
95 10 3 13 39 8 97 3.98336  3.25617  1  1  1  1  1  1  1  1  0  0  0  0
95 10 3 13 39 9 8 3.97775  3.25056  1  1  1  1  1  1  1  1  0  0  0  0
95 10 3 13 39 9 14 3.97894  3.23751  1  1  1  1  1  1  1  1  0  0  0  0
95 10 3 13 39 9 25 3.98400  3.24163  1  1  1  1  1  1  1  1  0  0  0  0
95 10 3 13 39 9 36 3.98336  3.22609  1  1  1  1  1  1  1  1  0  0  0  0
95 10 3 13 39 9 47 3.98336  3.22609  1  1  1  1  1  1  1  1  0  0  0  0
95 10 3 13 39 9 58 3.97711  3.20498  1  1  1  1  1  1  1  1  0  0  0  0
95 10 3 13 39 9 69 3.97839  3.19109  1  1  1  1  1  1  1  1  0  0  0  0
95 10 3 13 39 9 74 3.98400  3.19669  1  1  1  1  1  1  1  1  0  0  0  0
95 10 3 13 39 9 91 3.96047  3.17568  1  1  1  1  1  1  1  1  0  0  0  0
95 10 3 13 39 9 96 3.98336  3.18129  1  1  1  1  1  1  1  1  0  0  0  0
95 10 3 13 39 10 7 3.98336  3.16644  1  1  1  1  1  1  1  1  0  0  0  0
95 10 3 13 39 10 18 3.98336  3.16644  1  1  1  1  1  1  1  1  0  0  0  0
95 10 3 13 39 10 24 3.97839  3.14654  1  1  1  1  1  1  1  1  0  0  0  0
95 10 3 13 39 10 35 3.98400  3.15215  1  1  1  1  1  1  1  1  0  0  0  0
95 10 3 13 39 10 46 3.98336  3.13688  1  1  1  1  1  1  1  1  0  0  0  0
95 10 3 13 39 10 57 3.98336  3.13688  1  1  1  1  1  1  1  1  0  0  0  0
95 10 3 13 39 10 68 3.98336  3.12217  1  1  1  1  1  1  1  1  0  0  0  0
95 10 3 13 39 10 79 3.97839  3.11706  1  1  1  1  1  1  1  1  0  0  0  0
95 10 3 13 39 10 90 3.97839  3.08775  1  1  1  1  1  1  1  1  0  0  0  0
95 10 3 13 39 10 95 3.97775  3.08725  1  1  1  1  1  1  1  1  0  0  0  0
95 10 3 13 39 11 6 3.97839  3.07316  1  1  1  1  1  1  1  1  0  0  0  0
95 10 3 13 39 11 17 3.97775  3.07267  1  1  1  1  1  1  1  1  0  0  0  0
95 10 3 13 39 11 28 3.97839  3.07316  1  1  1  1  1  1  1  1  0  0  0  0
95 10 3 13 39 11 34 3.96607  3.06373  1  1  1  1  1  1  1  1  0  0  0  0
95 10 3 13 39 11 45 3.98400  3.04972  1  1  1  1  1  1  1  1  0  0  0  0
95 10 3 13 39 11 56 3.98400  3.04972  1  1  1  1  1  1  1  1  0  0  0  0
95 10 3 13 39 11 67 3.98400  3.03525  1  1  1  1  1  1  1  1  0  0  0  0
95 10 3 13 39 11 78 3.97839  3.02964  1  1  1  1  1  1  1  1  0  0  0  0
95 10 3 13 39 11 89 3.97839  3.00084  1  1  1  1  1  1  1  1  0  0  0  0
95 10 3 13 39 11 94 3.98336  3.02034  1  1  1  1  1  1  1  1  0  0  0  0
95 10 3 13 39 12 5 3.98400  2.99211  1  1  1  1  1  1  1  1  0  0  0  0
95 10 3 13 39 12 16 3.98336  2.99163  1  1  1  1  1  1  1  1  0  0  0  0
95 10 3 13 39 12 27 3.97894  2.97403  1  1  1  1  1  1  1  1  0  0  0  0
95 10 3 13 39 12 38 3.97775  2.97172  1  1  1  1  1  1  1  1  0  0  0  0
95 10 3 13 39 12 49 3.98023  2.96075  1  1  1  1  1  1  1  1  0  0  0  0
95 10 3 13 39 12 54 3.98336  2.96307  1  1  1  1  1  1  1  1  0  0  0  0
95 10 3 13 39 12 65 3.97839  2.94373  1  1  1  1  1  1  1  1  0  0  0  0
95 10 3 13 39 12 76 3.98336  2.93469  1  1  1  1  1  1  1  1  0  0  0  0
95 10 3 13 39 12 87 3.98336  2.93469  1  1  1  1  1  1  1  1  0  0  0  0
95 10 3 13 39 12 98 3.98400  2.93516  1  1  1  1  1  1  1  1  0  0  0  0
95 10 3 13 39 13 4 3.97775  2.91494  1  1  1  1  1  1  1  1  0  0  0  0
95 10 3 13 39 13 15 3.96607  2.90646  1  1  1  1  1  1  1  1  0  0  0  0
95 10 3 13 39 13 26 3.98400  2.90693  1  1  1  1  1  1  1  1  0  0  0  0
95 10 3 13 39 13 37 3.97775  2.90085  1  1  1  1  1  1  1  1  0  0  0  0
95 10 3 13 39 13 48 3.96607  2.89241  1  1  1  1  1  1  1  1  0  0  0  0
95 10 3 13 39 13 59 3.98778  2.88159  1  1  1  1  1  1  1  1  0  0  0  0
95 10 3 13 39 13 64 3.98400  2.87886  1  1  1  1  1  1  1  1  0  0  0  0
95 10 3 13 39 13 75 3.98336  2.87839  1  1  1  1  1  1  1  1  0  0  0  0
95 10 3 13 39 13 86 3.96111  2.87325  1  1  1  1  1  1  1  1  0  0  0  0
95 10 3 13 39 13 97 3.97775  2.85881  1  1  1  1  1  1  1  1  0  0  0  0
95 10 3 13 39 14 8 3.98336  2.86442  1  1  1  1  1  1  1  1  0  0  0  0
95 10 3 13 39 14 14 3.97775  2.85881  1  1  1  1  1  1  1  1  0  0  0  0
95 10 3 13 39 14 25 3.96672  2.86488  1  1  1  1  1  1  1  1  0  0  0  0
95 10 3 13 39 14 36 3.98400  2.85095  1  1  1  1  1  1  1  1  0  0  0  0
95 10 3 13 39 14 47 3.98336  2.85048  1  1  1  1  1  1  1  1  0  0  0  0
95 10 3 13 39 14 58 3.98336  2.85048  1  1  1  1  1  1  1  1  0  0  0  0
95 10 3 13 39 14 69 3.97839  2.84534  1  1  1  1  1  1  1  1  0  0  0  0
95 10 3 13 39 14 74 3.98400  2.85095  1  1  1  1  1  1  1  1  0  0  0  0
95 10 3 13 39 14 85 3.98400  2.83705  1  1  1  1  1  1  1  1  0  0  0  0
95 10 3 13 39 14 96 3.98400  2.85095  1  1  1  1  1  1  1  1  0  0  0  0
95 10 3 13 39 15 7 3.98400  2.83705  1  1  1  1  1  1  1  1  0  0  0  0
95 10 3 13 39 15 18 3.97839  2.83144  1  1  1  1  1  1  1  1  0  0  0  0
95 10 3 13 39 15 24 3.98400  2.85095  1  1  1  1  1  1  1  1  0  0  0  0
95 10 3 13 39 15 35 3.96047  2.83098  1  1  1  1  1  1  1  1  0  0  0  0
95 10 3 13 39 15 46 3.98336  2.83659  1  1  1  1  1  1  1  1  0  0  0  0
95 10 3 13 39 15 57 3.98336  2.82274  1  1  1  1  1  1  1  1  0  0  0  0
95 10 3 13 39 15 68 3.97775  2.83098  1  1  1  1  1  1  1  1  0  0  0  0
95 10 3 13 39 15 78 3.97398  2.81446  1  1  1  1  1  1  1  1  0  0  0  0
95 10 3 13 39 15 84 3.98336  2.83659  1  1  1  1  1  1  1  1  0  0  0  0
95 10 3 13 39 15 95 3.97398  2.81446  1  1  1  1  1  1  1  1  0  0  0  0
95 10 3 13 39 16 6 3.98336  2.82274  1  1  1  1  1  1  1  1  0  0  0  0
95 10 3 13 39 16 17 3.98336  2.82274  1  1  1  1  1  1  1  1  0  0  0  0
95 10 3 13 39 16 28 3.97839  2.81758  1  1  1  1  1  1  1  1  0  0  0  0
95 10 3 13 39 16 39 3.98336  2.82274  1  1  1  1  1  1  1  1  0  0  0  0
95 10 3 13 39 16 44 3.97775  2.81713  1  1  1  1  1  1  1  1  0  0  0  0
95 10 3 13 39 16 55 3.97775  2.81713  1  1  1  1  1  1  1  1  0  0  0  0
95 10 3 13 39 16 66 3.97904  2.80422  1  1  1  1  1  1  1  1  0  0  0  0
95 10 3 13 39 16 77 3.98336  2.82274  1  1  1  1  1  1  1  1  0  0  0  0
95 10 3 13 39 16 88 3.98400  2.82319  1  1  1  1  1  1  1  1  0  0  0  0
95 10 3 13 39 16 94 3.97398  2.81446  1  1  1  1  1  1  1  1  0  0  0  0
95 10 3 13 39 17 5 3.98336  2.82274  1  1  1  1  1  1  1  1  0  0  0  0
95 10 3 13 39 17 16 3.97894  2.81961  1  1  1  1  1  1  1  1  0  0  0  0
95 10 3 13 39 17 27 3.97839  2.81758  1  1  1  1  1  1  1  1  0  0  0  0
95 10 3 13 39 17 38 3.98336  2.82274  1  1  1  1  1  1  1  1  0  0  0  0
95 10 3 13 39 17 49 3.98336  2.82274  1  1  1  1  1  1  1  1  0  0  0  0
95 10 3 13 39 17 54 3.97839  2.81758  1  1  1  1  1  1  1  1  0  0  0  0
95 10 3 13 39 17 65 3.96672  2.82319  1  1  1  1  1  1  1  1  0  0  0  0
95 10 3 13 39 17 76 3.97904  2.81804  1  1  1  1  1  1  1  1  0  0  0  0
95 10 3 13 39 17 87 3.96232  2.83390  1  1  1  1  1  1  1  1  0  0  0  0
95 10 3 13 39 17 98 3.97334  2.81400  1  1  1  1  1  1  1  1  0  0  0  0
95 10 3 13 39 18 4 3.97775  2.83098  1  1  1  1  1  1  1  1  0  0  0  0
95 10 3 13 39 18 15 3.97839  2.83144  1  1  1  1  1  1  1  1  0  0  0  0
95 10 3 13 39 18 26 3.98400  2.83705  1  1  1  1  1  1  1  1  0  0  0  0
95 10 3 13 39 18 37 3.97894  2.83345  1  1  1  1  1  1  1  1  0  0  0  0
95 10 3 13 39 18 48 3.98400  2.82319  1  1  1  1  1  1  1  1  0  0  0  0
95 10 3 13 39 18 59 3.98336  2.83659  1  1  1  1  1  1  1  1  0  0  0  0
95 10 3 13 39 18 64 3.97839  2.83144  1  1  1  1  1  1  1  1  0  0  0  0
95 10 3 13 39 18 75 3.98400  2.83705  1  1  1  1  1  1  1  1  0  0  0  0
95 10 3 13 39 18 86 3.98400  2.83705  1  1  1  1  1  1  1  1  0  0  0  0
95 10 3 13 39 18 97 3.98400  2.83705  1  1  1  1  1  1  1  1  0  0  0  0
95 10 3 13 39 19 8 3.96607  2.83659  1  1  1  1  1  1  1  1  0  0  0  0
95 10 3 13 39 19 19 3.97775  2.83098  1  1  1  1  1  1  1  1  0  0  0  0
95 10 3 13 39 19 25 3.98336  2.83659  1  1  1  1  1  1  1  1  0  0  0  0
95 10 3 13 39 19 36 3.98400  2.83705  1  1  1  1  1  1  1  1  0  0  0  0
95 10 3 13 39 19 46 3.98336  2.83659  1  1  1  1  1  1  1  1  0  0  0  0
95 10 3 13 39 19 57 3.97904  2.81804  1  1  1  1  1  1  1  1  0  0  0  0
95 10 3 13 39 19 68 3.97711  2.83052  1  1  1  1  1  1  1  1  0  0  0  0
95 10 3 13 39 19 74 3.97839  2.83144  1  1  1  1  1  1  1  1  0  0  0  0
95 10 3 13 39 19 85 3.98400  2.82319  1  1  1  1  1  1  1  1  0  0  0  0
95 10 3 13 39 19 96 3.98336  2.82274  1  1  1  1  1  1  1  1  0  0  0  0
95 10 3 13 39 20 7 3.98336  2.82274  1  1  1  1  1  1  1  1  0  0  0  0
95 10 3 13 39 20 23 3.96607  2.82274  1  1  1  1  1  1  1  1  0  0  0  0
95 10 3 13 39 20 29 3.96607  2.82274  1  1  1  1  1  1  1  1  0  0  0  0
95 10 3 13 39 20 34 3.97775  2.83098  1  1  1  1  1  1  1  1  0  0  0  0
95 10 3 13 39 20 45 3.98336  2.82274  1  1  1  1  1  1  1  1  0  0  0  0
95 10 3 13 39 20 56 3.97839  2.81758  1  1  1  1  1  1  1  1  0  0  0  0
95 10 3 13 39 20 67 3.97839  2.83144  1  1  1  1  1  1  1  1  0  0  0  0
95 10 3 13 39 20 78 3.97775  2.83098  1  1  1  1  1  1  1  1  0  0  0  0
95 10 3 13 39 20 84 3.98271  2.83613  1  1  1  1  1  1  1  1  0  0  0  0
95 10 3 13 39 20 95 3.98336  2.83659  1  1  1  1  1  1  1  1  0  0  0  0
95 10 3 13 39 21 6 3.98336  2.83659  1  1  1  1  1  1  1  1  0  0  0  0
95 10 3 13 39 21 17 3.98400  2.85095  1  1  1  1  1  1  1  1  0  0  0  0
95 10 3 13 39 21 28 3.97839  2.83144  1  1  1  1  1  1  1  1  0  0  0  0
95 10 3 13 39 21 39 3.98336  2.85048  1  1  1  1  1  1  1  1  0  0  0  0
95 10 3 13 39 21 44 3.99509  2.84488  1  1  1  1  1  1  1  1  0  0  0  0
95 10 3 13 39 21 55 3.97775  2.84488  1  1  1  1  1  1  1  1  0  0  0  0
95 10 3 13 39 21 66 3.98400  2.85095  1  1  1  1  1  1  1  1  0  0  0  0
95 10 3 13 39 21 77 3.97775  2.84488  1  1  1  1  1  1  1  1  0  0  0  0
95 10 3 13 39 21 88 3.97775  2.84488  1  1  1  1  1  1  1  1  0  0  0  0
95 10 3 13 39 21 94 3.97775  2.84488  1  1  1  1  1  1  1  1  0  0  0  0
95 10 3 13 39 22 5 3.98336  2.85048  1  1  1  1  1  1  1  1  0  0  0  0
95 10 3 13 39 22 16 3.98336  2.86442  1  1  1  1  1  1  1  1  0  0  0  0
95 10 3 13 39 22 27 3.98336  2.85048  1  1  1  1  1  1  1  1  0  0  0  0
95 10 3 13 39 22 38 3.96111  2.85927  1  1  1  1  1  1  1  1  0  0  0  0
95 10 3 13 39 22 49 3.98400  2.86488  1  1  1  1  1  1  1  1  0  0  0  0
95 10 3 13 39 22 54 3.98336  2.86442  1  1  1  1  1  1  1  1  0  0  0  0
95 10 3 13 39 22 65 3.97839  2.85927  1  1  1  1  1  1  1  1  0  0  0  0
95 10 3 13 39 22 82 3.98336  2.87839  1  1  1  1  1  1  1  1  0  0  0  0
95 10 3 13 39 22 87 3.97775  2.87278  1  1  1  1  1  1  1  1  0  0  0  0
95 10 3 13 39 22 98 3.97775  2.87278  1  1  1  1  1  1  1  1  0  0  0  0
95 10 3 13 39 23 4 3.97894  2.87520  1  1  1  1  1  1  1  1  0  0  0  0
95 10 3 13 39 23 14 3.98336  2.87839  1  1  1  1  1  1  1  1  0  0  0  0
95 10 3 13 39 23 25 3.97894  2.87520  1  1  1  1  1  1  1  1  0  0  0  0
95 10 3 13 39 23 36 3.98336  2.89241  1  1  1  1  1  1  1  1  0  0  0  0
95 10 3 13 39 23 53 3.98336  2.89241  1  1  1  1  1  1  1  1  0  0  0  0
95 10 3 13 39 23 58 3.98336  2.89241  1  1  1  1  1  1  1  1  0  0  0  0
95 10 3 13 39 23 64 3.97398  2.88406  1  1  1  1  1  1  1  1  0  0  0  0
95 10 3 13 39 23 75 3.98400  2.87886  1  1  1  1  1  1  1  1  0  0  0  0
95 10 3 13 39 23 86 3.98400  2.87886  1  1  1  1  1  1  1  1  0  0  0  0
95 10 3 13 39 23 97 3.98400  2.89287  1  1  1  1  1  1  1  1  0  0  0  0
95 10 3 13 39 24 8 3.98336  2.89241  1  1  1  1  1  1  1  1  0  0  0  0
95 10 3 13 39 24 19 3.97839  2.87325  1  1  1  1  1  1  1  1  0  0  0  0
95 10 3 13 39 24 24 3.98271  2.89194  1  1  1  1  1  1  1  1  0  0  0  0
95 10 3 13 39 24 35 3.98336  2.87839  1  1  1  1  1  1  1  1  0  0  0  0
95 10 3 13 39 24 46 3.98400  2.87886  1  1  1  1  1  1  1  1  0  0  0  0
95 10 3 13 39 24 63 3.98336  2.87839  1  1  1  1  1  1  1  1  0  0  0  0
95 10 3 13 39 24 68 3.98336  2.87839  1  1  1  1  1  1  1  1  0  0  0  0
95 10 3 13 39 24 74 3.98336  2.89241  1  1  1  1  1  1  1  1  0  0  0  0
95 10 3 13 39 24 85 3.97839  2.87325  1  1  1  1  1  1  1  1  0  0  0  0
95 10 3 13 39 24 96 3.98336  2.87839  1  1  1  1  1  1  1  1  0  0  0  0
95 10 3 13 39 25 7 3.98400  2.89287  1  1  1  1  1  1  1  1  0  0  0  0
95 10 3 13 39 25 18 3.98336  2.87839  1  1  1  1  1  1  1  1  0  0  0  0
95 10 3 13 39 25 29 3.96607  2.89241  1  1  1  1  1  1  1  1  0  0  0  0
95 10 3 13 39 25 40 3.98336  2.89241  1  1  1  1  1  1  1  1  0  0  0  0
95 10 3 13 39 25 45 3.98336  2.89241  1  1  1  1  1  1  1  1  0  0  0  0
95 10 3 13 39 25 56 3.98336  2.89241  1  1  1  1  1  1  1  1  0  0  0  0
95 10 3 13 39 25 67 3.98400  2.90693  1  1  1  1  1  1  1  1  0  0  0  0
95 10 3 13 39 25 78 3.97958  2.90371  1  1  1  1  1  1  1  1  0  0  0  0
95 10 3 13 39 25 84 3.98336  2.89241  1  1  1  1  1  1  1  1  0  0  0  0
95 10 3 13 39 25 95 3.98336  2.90646  1  1  1  1  1  1  1  1  0  0  0  0
95 10 3 13 39 26 6 3.98336  2.90646  1  1  1  1  1  1  1  1  0  0  0  0
95 10 3 13 39 26 17 3.96672  2.90693  1  1  1  1  1  1  1  1  0  0  0  0
95 10 3 13 39 26 28 3.96672  2.92103  1  1  1  1  1  1  1  1  0  0  0  0
95 10 3 13 39 26 44 3.98400  2.92103  1  1  1  1  1  1  1  1  0  0  0  0
95 10 3 13 39 26 55 3.98216  2.91818  1  1  1  1  1  1  1  1  0  0  0  0
95 10 3 13 39 26 66 3.97775  2.91494  1  1  1  1  1  1  1  1  0  0  0  0
95 10 3 13 39 26 77 3.98336  2.92055  1  1  1  1  1  1  1  1  0  0  0  0
95 10 3 13 39 26 88 4.00134  2.92103  1  1  1  1  1  1  1  1  0  0  0  0
95 10 3 13 39 26 99 3.96607  2.92055  1  1  1  1  1  1  1  1  0  0  0  0
95 10 3 13 39 27 4 3.96047  2.91494  1  1  1  1  1  1  1  1  0  0  0  0
95 10 3 13 39 27 15 3.98400  2.92103  1  1  1  1  1  1  1  1  0  0  0  0
95 10 3 13 39 27 26 3.98336  2.90646  1  1  1  1  1  1  1  1  0  0  0  0
95 10 3 13 39 27 37 3.98336  2.90646  1  1  1  1  1  1  1  1  0  0  0  0
95 10 3 13 39 27 54 3.98336  2.92055  1  1  1  1  1  1  1  1  0  0  0  0
95 10 3 13 39 27 65 3.98336  2.92055  1  1  1  1  1  1  1  1  0  0  0  0
95 10 3 13 39 27 76 3.96672  2.90693  1  1  1  1  1  1  1  1  0  0  0  0
95 10 3 13 39 27 87 3.98336  2.90646  1  1  1  1  1  1  1  1  0  0  0  0
95 10 3 13 39 27 98 3.98400  2.92103  1  1  1  1  1  1  1  1  0  0  0  0
95 10 3 13 39 28 9 3.98336  2.92055  1  1  1  1  1  1  1  1  0  0  0  0
95 10 3 13 39 28 14 3.98336  2.92055  1  1  1  1  1  1  1  1  0  0  0  0
95 10 3 13 39 28 25 3.97775  2.90085  1  1  1  1  1  1  1  1  0  0  0  0
95 10 3 13 39 28 36 3.97839  2.90132  1  1  1  1  1  1  1  1  0  0  0  0
95 10 3 13 39 28 47 3.97775  2.91494  1  1  1  1  1  1  1  1  0  0  0  0
95 10 3 13 39 28 58 3.98336  2.92055  1  1  1  1  1  1  1  1  0  0  0  0
95 10 3 13 39 28 64 3.97775  2.91494  1  1  1  1  1  1  1  1  0  0  0  0
95 10 3 13 39 28 75 3.98400  2.92103  1  1  1  1  1  1  1  1  0  0  0  0
95 10 3 13 39 28 86 3.97775  2.91494  1  1  1  1  1  1  1  1  0  0  0  0
95 10 3 13 39 28 97 3.97775  2.91494  1  1  1  1  1  1  1  1  0  0  0  0
95 10 3 13 39 29 8 3.96607  2.93469  1  1  1  1  1  1  1  1  0  0  0  0
95 10 3 13 39 29 19 3.98336  2.92055  1  1  1  1  1  1  1  1  0  0  0  0
95 10 3 13 39 29 24 3.98336  2.93469  1  1  1  1  1  1  1  1  0  0  0  0
95 10 3 13 39 29 35 3.97775  2.92908  1  1  1  1  1  1  1  1  0  0  0  0
95 10 3 13 39 29 46 3.98400  2.93516  1  1  1  1  1  1  1  1  0  0  0  0
95 10 3 13 39 29 57 3.98336  2.93469  1  1  1  1  1  1  1  1  0  0  0  0
95 10 3 13 39 29 68 3.98336  2.93469  1  1  1  1  1  1  1  1  0  0  0  0
95 10 3 13 39 29 74 3.98400  2.93516  1  1  1  1  1  1  1  1  0  0  0  0
95 10 3 13 39 29 85 3.97711  2.92860  1  1  1  1  1  1  1  1  0  0  0  0
95 10 3 13 39 29 96 3.97775  2.92908  1  1  1  1  1  1  1  1  0  0  0  0
95 10 3 13 39 30 12 3.98336  2.93469  1  1  1  1  1  1  1  1  0  0  0  0
95 10 3 13 39 30 18 3.98336  2.93469  1  1  1  1  1  1  1  1  0  0  0  0
95 10 3 13 39 30 29 3.97775  2.94325  1  1  1  1  1  1  1  1  0  0  0  0
95 10 3 13 39 30 34 3.96607  2.94886  1  1  1  1  1  1  1  1  0  0  0  0
95 10 3 13 39 30 45 3.97775  2.94325  1  1  1  1  1  1  1  1  0  0  0  0
95 10 3 13 39 30 56 3.98400  2.93516  1  1  1  1  1  1  1  1  0  0  0  0
95 10 3 13 39 30 67 3.98336  2.94886  1  1  1  1  1  1  1  1  0  0  0  0
95 10 3 13 39 30 78 3.98336  2.94886  1  1  1  1  1  1  1  1  0  0  0  0
95 10 3 13 39 30 89 4.00069  2.94886  1  1  1  1  1  1  1  1  0  0  0  0
95 10 3 13 39 30 94 3.98400  2.94934  1  1  1  1  1  1  1  1  0  0  0  0
95 10 3 13 39 31 5 3.98336  2.94886  1  1  1  1  1  1  1  1  0  0  0  0
95 10 3 13 39 31 16 3.98336  2.94886  1  1  1  1  1  1  1  1  0  0  0  0
95 10 3 13 39 31 27 3.98336  2.96307  1  1  1  1  1  1  1  1  0  0  0  0
95 10 3 13 39 31 38 3.97775  2.94325  1  1  1  1  1  1  1  1  0  0  0  0
95 10 3 13 39 31 44 3.98336  2.94886  1  1  1  1  1  1  1  1  0  0  0  0
95 10 3 13 39 31 55 3.98400  2.94934  1  1  1  1  1  1  1  1  0  0  0  0
95 10 3 13 39 31 66 3.97775  2.94325  1  1  1  1  1  1  1  1  0  0  0  0
95 10 3 13 39 31 77 3.98400  2.94934  1  1  1  1  1  1  1  1  0  0  0  0
95 10 3 13 39 31 88 3.97775  2.94325  1  1  1  1  1  1  1  1  0  0  0  0
95 10 3 13 39 31 99 3.98400  2.94934  1  1  1  1  1  1  1  1  0  0  0  0
95 10 3 13 39 32 4 3.97775  2.92908  1  1  1  1  1  1  1  1  0  0  0  0
95 10 3 13 39 32 15 3.97894  2.95979  1  1  1  1  1  1  1  1  0  0  0  0
95 10 3 13 39 32 26 3.96672  2.94934  1  1  1  1  1  1  1  1  0  0  0  0
95 10 3 13 39 32 37 3.96607  2.94886  1  1  1  1  1  1  1  1  0  0  0  0
95 10 3 13 39 32 48 3.98336  2.94886  1  1  1  1  1  1  1  1  0  0  0  0
95 10 3 13 39 32 54 3.98271  2.94838  1  1  1  1  1  1  1  1  0  0  0  0
95 10 3 13 39 32 65 3.98336  2.96307  1  1  1  1  1  1  1  1  0  0  0  0
95 10 3 13 39 32 76 3.97839  2.94373  1  1  1  1  1  1  1  1  0  0  0  0
95 10 3 13 39 32 87 3.98336  2.96307  1  1  1  1  1  1  1  1  0  0  0  0
95 10 3 13 39 32 98 3.98336  2.96307  1  1  1  1  1  1  1  1  0  0  0  0
95 10 3 13 39 33 9 3.98400  2.96355  1  1  1  1  1  1  1  1  0  0  0  0
95 10 3 13 39 33 14 3.98336  2.96307  1  1  1  1  1  1  1  1  0  0  0  0
95 10 3 13 39 33 25 3.96607  2.97733  1  1  1  1  1  1  1  1  0  0  0  0
95 10 3 13 39 33 36 3.97775  2.95747  1  1  1  1  1  1  1  1  0  0  0  0
95 10 3 13 39 33 47 3.98400  2.97781  1  1  1  1  1  1  1  1  0  0  0  0
95 10 3 13 39 33 58 3.98336  2.97733  1  1  1  1  1  1  1  1  0  0  0  0
95 10 3 13 39 33 64 3.98336  2.97733  1  1  1  1  1  1  1  1  0  0  0  0
95 10 3 13 39 33 80 3.98400  2.97781  1  1  1  1  1  1  1  1  0  0  0  0
95 10 3 13 39 33 86 3.97839  2.97220  1  1  1  1  1  1  1  1  0  0  0  0
95 10 3 13 39 33 97 3.96607  2.99163  1  1  1  1  1  1  1  1  0  0  0  0
95 10 3 13 39 34 8 3.98400  2.97781  1  1  1  1  1  1  1  1  0  0  0  0
95 10 3 13 39 34 18 3.98400  2.97781  1  1  1  1  1  1  1  1  0  0  0  0
95 10 3 13 39 34 24 3.97775  2.97172  1  1  1  1  1  1  1  1  0  0  0  0
95 10 3 13 39 34 35 3.97775  2.98602  1  1  1  1  1  1  1  1  0  0  0  0
95 10 3 13 39 34 46 3.98336  2.99163  1  1  1  1  1  1  1  1  0  0  0  0
95 10 3 13 39 34 57 3.98271  2.99114  1  1  1  1  1  1  1  1  0  0  0  0
95 10 3 13 39 34 68 3.97839  2.98650  1  1  1  1  1  1  1  1  0  0  0  0
95 10 3 13 39 34 79 3.98336  2.99163  1  1  1  1  1  1  1  1  0  0  0  0
95 10 3 13 39 34 84 3.98336  2.99163  1  1  1  1  1  1  1  1  0  0  0  0
95 10 3 13 39 34 95 3.98336  2.99163  1  1  1  1  1  1  1  1  0  0  0  0
95 10 3 13 39 35 6 3.98400  2.99211  1  1  1  1  1  1  1  1  0  0  0  0
95 10 3 13 39 35 17 3.98400  2.99211  1  1  1  1  1  1  1  1  0  0  0  0
95 10 3 13 39 35 28 3.98400  2.99211  1  1  1  1  1  1  1  1  0  0  0  0
95 10 3 13 39 35 34 3.97839  3.00084  1  1  1  1  1  1  1  1  0  0  0  0
95 10 3 13 39 35 45 3.97398  2.98319  1  1  1  1  1  1  1  1  0  0  0  0
95 10 3 13 39 35 56 3.98271  2.99114  1  1  1  1  1  1  1  1  0  0  0  0
95 10 3 13 39 35 67 3.97894  2.98831  1  1  1  1  1  1  1  1  0  0  0  0
95 10 3 13 39 35 78 3.97839  2.98650  1  1  1  1  1  1  1  1  0  0  0  0
95 10 3 13 39 35 89 3.96047  2.98602  1  1  1  1  1  1  1  1  0  0  0  0
95 10 3 13 39 35 94 3.98336  2.99163  1  1  1  1  1  1  1  1  0  0  0  0
95 10 3 13 39 36 5 4.00134  2.99211  1  1  1  1  1  1  1  1  0  0  0  0
95 10 3 13 39 36 16 3.98336  2.97733  1  1  1  1  1  1  1  1  0  0  0  0
95 10 3 13 39 36 27 3.97839  2.98650  1  1  1  1  1  1  1  1  0  0  0  0
95 10 3 13 39 36 38 3.97839  2.97220  1  1  1  1  1  1  1  1  0  0  0  0
95 10 3 13 39 36 44 3.98336  2.97733  1  1  1  1  1  1  1  1  0  0  0  0
95 10 3 13 39 36 55 3.98271  2.97685  1  1  1  1  1  1  1  1  0  0  0  0
95 10 3 13 39 36 66 3.98336  2.97733  1  1  1  1  1  1  1  1  0  0  0  0
95 10 3 13 39 36 77 3.97894  2.97403  1  1  1  1  1  1  1  1  0  0  0  0
95 10 3 13 39 36 88 3.97775  2.97172  1  1  1  1  1  1  1  1  0  0  0  0
95 10 3 13 39 36 99 3.98400  2.97781  1  1  1  1  1  1  1  1  0  0  0  0
95 10 3 13 39 37 4 3.98336  2.96307  1  1  1  1  1  1  1  1  0  0  0  0
95 10 3 13 39 37 15 3.98400  2.97781  1  1  1  1  1  1  1  1  0  0  0  0
95 10 3 13 39 37 26 3.98336  2.96307  1  1  1  1  1  1  1  1  0  0  0  0
95 10 3 13 39 37 37 3.98336  2.97733  1  1  1  1  1  1  1  1  0  0  0  0
95 10 3 13 39 37 48 3.98271  2.96260  1  1  1  1  1  1  1  1  0  0  0  0
95 10 3 13 39 37 54 3.98271  2.97685  1  1  1  1  1  1  1  1  0  0  0  0
95 10 3 13 39 37 65 3.98336  2.97733  1  1  1  1  1  1  1  1  0  0  0  0
95 10 3 13 39 37 76 3.98336  2.97733  1  1  1  1  1  1  1  1  0  0  0  0
95 10 3 13 39 37 86 3.97894  2.97403  1  1  1  1  1  1  1  1  0  0  0  0
95 10 3 13 39 37 97 3.98400  2.97781  1  1  1  1  1  1  1  1  0  0  0  0
95 10 3 13 39 38 8 3.98271  2.97685  1  1  1  1  1  1  1  1  0  0  0  0
95 10 3 13 39 38 19 3.98336  2.97733  1  1  1  1  1  1  1  1  0  0  0  0
95 10 3 13 39 38 25 3.97775  2.98602  1  1  1  1  1  1  1  1  0  0  0  0
95 10 3 13 39 38 36 3.97775  2.98602  1  1  1  1  1  1  1  1  0  0  0  0
95 10 3 13 39 38 47 3.98336  2.99163  1  1  1  1  1  1  1  1  0  0  0  0
95 10 3 13 39 38 58 3.97334  2.98271  1  1  1  1  1  1  1  1  0  0  0  0
95 10 3 13 39 38 69 3.97839  2.98650  1  1  1  1  1  1  1  1  0  0  0  0
95 10 3 13 39 38 74 3.98400  2.99211  1  1  1  1  1  1  1  1  0  0  0  0
95 10 3 13 39 38 85 3.96607  3.00596  1  1  1  1  1  1  1  1  0  0  0  0
95 10 3 13 39 38 96 3.98336  2.99163  1  1  1  1  1  1  1  1  0  0  0  0
95 10 3 13 39 39 7 3.98336  2.99163  1  1  1  1  1  1  1  1  0  0  0  0
95 10 3 13 39 39 24 4.00134  2.99211  1  1  1  1  1  1  1  1  0  0  0  0
95 10 3 13 39 39 35 3.98336  3.00596  1  1  1  1  1  1  1  1  0  0  0  0
95 10 3 13 39 39 46 3.98336  3.00596  1  1  1  1  1  1  1  1  0  0  0  0
95 10 3 13 39 39 57 3.98336  2.99163  1  1  1  1  1  1  1  1  0  0  0  0
95 10 3 13 39 39 68 3.96111  2.98650  1  1  1  1  1  1  1  1  0  0  0  0
95 10 3 13 39 39 79 4.00069  2.99163  1  1  1  1  1  1  1  1  0  0  0  0
95 10 3 13 39 39 84 3.97839  2.98650  1  1  1  1  1  1  1  1  0  0  0  0
95 10 3 13 39 39 95 3.98336  2.99163  1  1  1  1  1  1  1  1  0  0  0  0
95 10 3 13 39 40 6 3.98336  2.99163  1  1  1  1  1  1  1  1  0  0  0  0
95 10 3 13 39 40 17 3.97775  2.97172  1  1  1  1  1  1  1  1  0  0  0  0
95 10 3 13 39 40 28 3.98400  2.99211  1  1  1  1  1  1  1  1  0  0  0  0
95 10 3 13 39 40 34 3.98400  2.99211  1  1  1  1  1  1  1  1  0  0  0  0
95 10 3 13 39 40 45 3.98336  2.97733  1  1  1  1  1  1  1  1  0  0  0  0
95 10 3 13 39 40 56 3.98336  2.97733  1  1  1  1  1  1  1  1  0  0  0  0
95 10 3 13 39 40 67 3.98336  2.97733  1  1  1  1  1  1  1  1  0  0  0  0
95 10 3 13 39 40 78 3.98336  2.96307  1  1  1  1  1  1  1  1  0  0  0  0
95 10 3 13 39 40 89 3.98336  2.97733  1  1  1  1  1  1  1  1  0  0  0  0
95 10 3 13 39 40 94 3.98400  2.96355  1  1  1  1  1  1  1  1  0  0  0  0
95 10 3 13 39 41 5 3.98271  2.96260  1  1  1  1  1  1  1  1  0  0  0  0
95 10 3 13 39 41 16 3.96607  2.96307  1  1  1  1  1  1  1  1  0  0  0  0
95 10 3 13 39 41 27 3.98336  2.96307  1  1  1  1  1  1  1  1  0  0  0  0
95 10 3 13 39 41 38 3.98400  2.96355  1  1  1  1  1  1  1  1  0  0  0  0
95 10 3 13 39 41 44 3.97839  2.95794  1  1  1  1  1  1  1  1  0  0  0  0
95 10 3 13 39 41 54 3.97775  2.95747  1  1  1  1  1  1  1  1  0  0  0  0
95 10 3 13 39 41 65 3.98336  2.97733  1  1  1  1  1  1  1  1  0  0  0  0
95 10 3 13 39 41 76 3.97775  2.97172  1  1  1  1  1  1  1  1  0  0  0  0
95 10 3 13 39 41 87 3.98400  2.96355  1  1  1  1  1  1  1  1  0  0  0  0
95 10 3 13 39 41 98 3.97775  2.97172  1  1  1  1  1  1  1  1  0  0  0  0
95 10 3 13 39 42 4 3.96607  2.96307  1  1  1  1  1  1  1  1  0  0  0  0
95 10 3 13 39 42 15 3.97775  2.97172  1  1  1  1  1  1  1  1  0  0  0  0
95 10 3 13 39 42 26 3.98336  2.97733  1  1  1  1  1  1  1  1  0  0  0  0
95 10 3 13 39 42 37 3.97958  2.97451  1  1  1  1  1  1  1  1  0  0  0  0
95 10 3 13 39 42 48 3.97775  2.95747  1  1  1  1  1  1  1  1  0  0  0  0
95 10 3 13 39 42 59 3.97775  2.95747  1  1  1  1  1  1  1  1  0  0  0  0
95 10 3 13 39 42 64 3.97839  2.97220  1  1  1  1  1  1  1  1  0  0  0  0
95 10 3 13 39 42 75 3.98400  2.96355  1  1  1  1  1  1  1  1  0  0  0  0
95 10 3 13 39 42 86 3.98336  2.97733  1  1  1  1  1  1  1  1  0  0  0  0
95 10 3 13 39 42 97 3.98336  2.97733  1  1  1  1  1  1  1  1  0  0  0  0
95 10 3 13 39 43 8 3.97894  2.95979  1  1  1  1  1  1  1  1  0  0  0  0
95 10 3 13 39 43 14 3.97839  2.95794  1  1  1  1  1  1  1  1  0  0  0  0
95 10 3 13 39 43 25 3.97839  2.97220  1  1  1  1  1  1  1  1  0  0  0  0
95 10 3 13 39 43 36 3.98400  2.97781  1  1  1  1  1  1  1  1  0  0  0  0
95 10 3 13 39 43 47 3.98400  2.97781  1  1  1  1  1  1  1  1  0  0  0  0
95 10 3 13 39 43 58 3.98336  2.97733  1  1  1  1  1  1  1  1  0  0  0  0
95 10 3 13 39 43 74 3.98336  2.97733  1  1  1  1  1  1  1  1  0  0  0  0
95 10 3 13 39 43 85 3.98336  2.97733  1  1  1  1  1  1  1  1  0  0  0  0
95 10 3 13 39 43 96 3.98400  2.96355  1  1  1  1  1  1  1  1  0  0  0  0
95 10 3 13 39 44 7 3.98336  2.97733  1  1  1  1  1  1  1  1  0  0  0  0
95 10 3 13 39 44 18 3.96607  2.97733  1  1  1  1  1  1  1  1  0  0  0  0
95 10 3 13 39 44 24 3.98336  2.97733  1  1  1  1  1  1  1  1  0  0  0  0
95 10 3 13 39 44 35 3.98400  2.96355  1  1  1  1  1  1  1  1  0  0  0  0
95 10 3 13 39 44 51 3.98336  2.97733  1  1  1  1  1  1  1  1  0  0  0  0
95 10 3 13 39 44 57 3.97775  2.97172  1  1  1  1  1  1  1  1  0  0  0  0
95 10 3 13 39 44 68 3.98336  2.96307  1  1  1  1  1  1  1  1  0  0  0  0
95 10 3 13 39 44 79 3.97894  2.97403  1  1  1  1  1  1  1  1  0  0  0  0
95 10 3 13 39 44 84 3.97839  2.97220  1  1  1  1  1  1  1  1  0  0  0  0
95 10 3 13 39 44 95 3.98336  2.97733  1  1  1  1  1  1  1  1  0  0  0  0
95 10 3 13 39 45 6 3.98400  2.97781  1  1  1  1  1  1  1  1  0  0  0  0
95 10 3 13 39 45 17 3.98336  2.97733  1  1  1  1  1  1  1  1  0  0  0  0
95 10 3 13 39 45 28 3.98400  2.97781  1  1  1  1  1  1  1  1  0  0  0  0
95 10 3 13 39 45 39 3.98400  2.97781  1  1  1  1  1  1  1  1  0  0  0  0
95 10 3 13 39 45 44 3.98400  2.97781  1  1  1  1  1  1  1  1  0  0  0  0
95 10 3 13 39 45 55 3.98336  2.97733  1  1  1  1  1  1  1  1  0  0  0  0
95 10 3 13 39 45 66 3.98465  2.97829  1  1  1  1  1  1  1  1  0  0  0  0
95 10 3 13 39 45 77 3.98336  2.97733  1  1  1  1  1  1  1  1  0  0  0  0
95 10 3 13 39 45 88 3.97775  2.97172  1  1  1  1  1  1  1  1  0  0  0  0
95 10 3 13 39 45 94 3.96607  2.97733  1  1  1  1  1  1  1  1  0  0  0  0
95 10 3 13 39 46 5 3.96672  2.97781  1  1  1  1  1  1  1  1  0  0  0  0
95 10 3 13 39 46 16 3.98336  2.97733  1  1  1  1  1  1  1  1  0  0  0  0
95 10 3 13 39 46 32 3.96111  2.97220  1  1  1  1  1  1  1  1  0  0  0  0
95 10 3 13 39 46 38 3.98400  2.97781  1  1  1  1  1  1  1  1  0  0  0  0
95 10 3 13 39 46 49 3.98271  2.97685  1  1  1  1  1  1  1  1  0  0  0  0
95 10 3 13 39 46 54 3.97839  2.97220  1  1  1  1  1  1  1  1  0  0  0  0
95 10 3 13 39 46 65 3.97839  2.97220  1  1  1  1  1  1  1  1  0  0  0  0
95 10 3 13 39 46 76 3.98400  2.97781  1  1  1  1  1  1  1  1  0  0  0  0
95 10 3 13 39 46 87 3.97775  2.97172  1  1  1  1  1  1  1  1  0  0  0  0
95 10 3 13 39 46 98 3.98400  2.97781  1  1  1  1  1  1  1  1  0  0  0  0
95 10 3 13 39 47 4 3.98336  2.97733  1  1  1  1  1  1  1  1  0  0  0  0
95 10 3 13 39 47 15 3.98336  2.96307  1  1  1  1  1  1  1  1  0  0  0  0
95 10 3 13 39 47 26 3.98336  2.97733  1  1  1  1  1  1  1  1  0  0  0  0
95 10 3 13 39 47 37 3.98400  2.96355  1  1  1  1  1  1  1  1  0  0  0  0
95 10 3 13 39 47 48 3.98271  2.97685  1  1  1  1  1  1  1  1  0  0  0  0
95 10 3 13 39 47 59 3.97894  2.95979  1  1  1  1  1  1  1  1  0  0  0  0
95 10 3 13 39 47 64 3.97775  2.95747  1  1  1  1  1  1  1  1  0  0  0  0
95 10 3 13 39 47 75 3.98400  2.94934  1  1  1  1  1  1  1  1  0  0  0  0
95 10 3 13 39 47 86 3.98336  2.96307  1  1  1  1  1  1  1  1  0  0  0  0
95 10 3 13 39 47 97 3.97775  2.95747  1  1  1  1  1  1  1  1  0  0  0  0
95 10 3 13 39 48 14 3.98400  2.96355  1  1  1  1  1  1  1  1  0  0  0  0
95 10 3 13 39 48 25 3.98400  2.96355  1  1  1  1  1  1  1  1  0  0  0  0
95 10 3 13 39 48 36 3.97711  2.95699  1  1  1  1  1  1  1  1  0  0  0  0
95 10 3 13 39 48 47 3.98336  2.96307  1  1  1  1  1  1  1  1  0  0  0  0
95 10 3 13 39 48 58 3.97958  2.96027  1  1  1  1  1  1  1  1  0  0  0  0
95 10 3 13 39 48 69 3.97894  2.95979  1  1  1  1  1  1  1  1  0  0  0  0
95 10 3 13 39 48 74 3.98400  2.96355  1  1  1  1  1  1  1  1  0  0  0  0
95 10 3 13 39 48 85 3.98336  2.96307  1  1  1  1  1  1  1  1  0  0  0  0
95 10 3 13 39 48 96 3.96047  2.95747  1  1  1  1  1  1  1  1  0  0  0  0
95 10 3 13 39 49 7 3.98336  2.96307  1  1  1  1  1  1  1  1  0  0  0  0
95 10 3 13 39 49 23 3.97775  2.95747  1  1  1  1  1  1  1  1  0  0  0  0
95 10 3 13 39 49 29 3.98400  2.96355  1  1  1  1  1  1  1  1  0  0  0  0
95 10 3 13 39 49 34 3.98336  2.96307  1  1  1  1  1  1  1  1  0  0  0  0
95 10 3 13 39 49 45 3.98336  2.96307  1  1  1  1  1  1  1  1  0  0  0  0
95 10 3 13 39 49 56 3.97775  2.95747  1  1  1  1  1  1  1  1  0  0  0  0
95 10 3 13 39 49 67 3.97894  2.95979  1  1  1  1  1  1  1  1  0  0  0  0
95 10 3 13 39 49 78 3.98336  2.97733  1  1  1  1  1  1  1  1  0  0  0  0
95 10 3 13 39 49 84 3.98336  2.97733  1  1  1  1  1  1  1  1  0  0  0  0
95 10 3 13 39 49 95 3.98336  2.97733  1  1  1  1  1  1  1  1  0  0  0  0
95 10 3 13 39 50 6 3.97775  2.97172  1  1  1  1  1  1  1  1  0  0  0  0
95 10 3 13 39 50 17 3.98400  2.96355  1  1  1  1  1  1  1  1  0  0  0  0
95 10 3 13 39 50 28 3.98271  2.97685  1  1  1  1  1  1  1  1  0  0  0  0
95 10 3 13 39 50 39 3.98778  2.98063  1  1  1  1  1  1  1  1  0  0  0  0
95 10 3 13 39 50 44 3.98400  2.97781  1  1  1  1  1  1  1  1  0  0  0  0
95 10 3 13 39 50 55 3.98336  2.97733  1  1  1  1  1  1  1  1  0  0  0  0
95 10 3 13 39 50 66 3.98336  2.97733  1  1  1  1  1  1  1  1  0  0  0  0
95 10 3 13 39 50 77 3.97775  2.95747  1  1  1  1  1  1  1  1  0  0  0  0
95 10 3 13 39 50 88 3.98336  2.97733  1  1  1  1  1  1  1  1  0  0  0  0
95 10 3 13 39 50 94 3.97775  2.97172  1  1  1  1  1  1  1  1  0  0  0  0
95 10 3 13 39 51 5 3.98400  2.96355  1  1  1  1  1  1  1  1  0  0  0  0
95 10 3 13 39 51 16 3.98336  2.97733  1  1  1  1  1  1  1  1  0  0  0  0
95 10 3 13 39 51 27 3.98400  2.96355  1  1  1  1  1  1  1  1  0  0  0  0
95 10 3 13 39 51 38 3.98336  2.96307  1  1  1  1  1  1  1  1  0  0  0  0
95 10 3 13 39 51 49 3.98336  2.96307  1  1  1  1  1  1  1  1  0  0  0  0
95 10 3 13 39 51 54 3.98400  2.97781  1  1  1  1  1  1  1  1  0  0  0  0
95 10 3 13 39 51 65 3.98400  2.96355  1  1  1  1  1  1  1  1  0  0  0  0
95 10 3 13 39 51 82 3.96607  2.96307  1  1  1  1  1  1  1  1  0  0  0  0
95 10 3 13 39 51 87 3.97775  2.95747  1  1  1  1  1  1  1  1  0  0  0  0
95 10 3 13 39 51 98 3.98336  2.97733  1  1  1  1  1  1  1  1  0  0  0  0
95 10 3 13 39 52 4 3.97775  2.97172  1  1  1  1  1  1  1  1  0  0  0  0
95 10 3 13 39 52 15 3.98336  2.96307  1  1  1  1  1  1  1  1  0  0  0  0
95 10 3 13 39 52 26 3.98778  2.98063  1  1  1  1  1  1  1  1  0  0  0  0
95 10 3 13 39 52 37 3.98336  2.97733  1  1  1  1  1  1  1  1  0  0  0  0
95 10 3 13 39 52 48 3.98400  2.97781  1  1  1  1  1  1  1  1  0  0  0  0
95 10 3 13 39 52 58 3.98400  2.97781  1  1  1  1  1  1  1  1  0  0  0  0
95 10 3 13 39 52 64 3.98400  2.97781  1  1  1  1  1  1  1  1  0  0  0  0
