    72    A    1    6,7026    0,5608    0,2495
    72    A    2    0,7415    0,1882    0,2487
    72    A    3    0,6384    1,4577    0,4227
    72    B    1    1,4004    0,7699    1,0229
    72    B    2    2,0232    3,1976    0,2604
    72    B    3    8,7805    8,4901    8,8704
    72    C    1    0,9204    0,9320    1,2580
    72    C    2    1,6307    1,1054    1,8171
    72    C    3    1,0834    2,4165    2,1004
    60    A    1    1,4051    0,6738    0,1732
    60    A    2    2,4318    2,3506    0,7834
    60    A    3    3,1486    3,2743    0,4865
    60    B    1    2,9701    2,8744    2,6734
    60    B    2    2,2771    0,4100    0,3972
    60    B    3    1,0846    0,9668    0,3509
    60    C    1    1,0678    0,7152    0,5051
    60    C    2    0,6384    0,2031    0,1289
    60    C    3    0,6440    1,8326    0,3690